# vim:ft=plumed
#RESTART
UNITS LENGTH=A
H: GROUP ATOMS=27,28,29,30,31,32,33,34,35,36,54,55,56,57,58,59,62,86,87,88,89,90,91,92,93,94,136,137,138,139,140,141,142,143,144,145,146,147,148,164,165,166,167,168,183,184,185,186,187,209,210,211,221,222,223,227,262,263,264,265,266,267,268,269,270,271,272,273,274,275,276,343,344,345,346,347,348,349,350,351,352,353,354,355,356,357,358,359,360,361,377,378,379,380,381,384,386,387,388,390,391,392

N: GROUP ATOMS=17,18,19,20,21,22,23,24,25,26,48,49,50,51,52,53,61,77,78,79,80,81,82,83,84,85,123,124,125,126,127,128,129,130,131,132,133,134,135,159,160,161,162,163,178,179,180,181,182,206,207,208,218,219,220,226,247,248,249,250,251,252,253,254,255,256,257,258,259,260,261,324,325,326,327,328,329,330,331,332,333,334,335,336,337,338,339,340,341,342,372,373,374,375,376,383,385,389

Li: GROUP ATOMS=1,2,3,4,5,6,7,8,9,10,11,12,13,14,15,16,37,38,39,40,41,42,43,44,45,46,47,60,63,64,65,66,67,68,69,70,71,72,73,74,75,76,95,96,97,98,99,100,101,102,103,104,105,106,107,108,109,110,111,112,113,114,115,116,117,118,119,120,121,122,149,150,151,152,153,154,155,156,157,158,169,170,171,172,173,174,175,176,177,188,189,190,191,192,193,194,195,196,197,198,199,200,201,202,203,204,205,212,213,214,215,216,217,224,225,228,229,230,231,232,233,234,235,236,237,238,239,240,241,242,243,244,245,246,277,278,279,280,281,282,283,284,285,286,287,288,289,290,291,292,293,294,295,296,297,298,299,300,301,302,303,304,305,306,307,308,309,310,311,312,313,314,315,316,317,318,319,320,321,322,323,362,363,364,365,366,367,368,369,370,371,382

ene: ENERGY
max_nn: COORDINATIONNUMBER SPECIESA=N SPECIESB=N SWITCH={RATIONAL R_0=1.6 D_MAX=5}  MAX={BETA=0.01}

OPES_METAD ... 
LABEL=opes2
ARG=max_nn.max
PACE=250
BARRIER=180 
TEMP=750
... OPES_METAD

ghosta: FIXEDATOM AT=0,0,15
dis_GH: ZDISTANCES GROUPA=ghosta GROUPB=H MAX={BETA=0.5}
uwall1: UPPER_WALLS ARG=dis_GH.max AT=12.0 KAPPA=2000.0 EXP=2
dis_GN: ZDISTANCES GROUPA=ghosta GROUPB=N MAX={BETA=0.5}
uwall2: UPPER_WALLS ARG=dis_GN.max AT=12.0 KAPPA=2000.0 EXP=2

PRINT ARG=* FILE=colvar STRIDE=60
FLUSH STRIDE=400
