# vim:ft=plumed
#RESTART
UNITS LENGTH=A
H: GROUP ATOMS=9,10,11,12,13,14,15,16,27,28,31,32,99,100,101,102,103,104,105,106,107,108,109,110,111,112,113,114,115,116,117,118,119,120,121,122,147,148,149,150,155,156,157,158,161,162,167,168,169,170,175,176,177,178,181,182,183,184,189,190,191,192,197,198,258,259,260
N: GROUP ATOMS=17,18,19,20,21,22,23,24,25,26,29,30,123,124,125,126,127,128,129,130,131,132,133,134,135,136,137,138,139,140,141,142,143,144,145,146,151,152,153,154,159,160,163,164,165,166,171,172,173,174,179,180,185,186,187,188,193,194,195,196,199,200,201,202,257
Li: GROUP ATOMS=1-8:1,33,34,35,36,37,38,39,40,41,42,43,44,45,46,47,48,49,50,51,52,53,54,55,56,57,58,59,60,61,62,63,64,65,66,67,68,69,70,71,72,73,74,75,76,77,78,79,80,81,82,83,84,85,86,87,88,89,90,91,92,93,94,95,96,97,98,203,204,205,206,207,208,209,210,211,212,213,214,215,216,217,218,219,220,221,222,223,224,225,226,227,228,229,230,231,232,233,234,235,236,237,238,239,240,241,242,243,244,245,246,247,248,249,250,251,252,253,254,255,256

ene: ENERGY
max_H: COORDINATIONNUMBER SPECIESA=H SPECIESB=Li,N SWITCH={RATIONAL R_0=1.6 D_MAX=5}  MAX={BETA=0.05}

ghosta: FIXEDATOM AT=0,0,20
NH3c: COM ATOMS=257-260
dNH3hosta: DISTANCE ATOMS=ghosta,NH3c COMPONENTS
abs_dNH3hostaz: MATHEVAL ARG=dNH3hosta.z FUNC=abs(x) PERIODIC=NO
uwall1: UPPER_WALLS ARG=abs_dNH3hostaz AT=11.0 KAPPA=2000.0 EXP=2 

OPES_METAD ... 
LABEL=opes2
ARG=max_H.max 
PACE=50
BARRIER=100 # #BIASFACTOR=20 # #KERNEL_CUTOFF=7.5 
TEMP=750
... OPES_METAD

PRINT ARG=* FILE=colvar STRIDE=2
FLUSH STRIDE=2


